DenseNet121 results {
    "train_loss": [
        0.27355579168417504,
        0.16901854686309686,
        0.13869446804527089,
        0.11609624794560544,
        0.10416132572789802,
        0.09576634704526181,
        0.08605480946520055,
        0.07387000319481948,
        0.06923168156079353,
        0.064188579636176,
        0.06546785189393833,
        0.05656071564602566,
        0.04933253134065631,
        0.0522885999209497,
        0.04265583685724691,
        0.04363719500929316,
        0.041926513445881906,
        0.045192925412985564,
        0.03681870240227866,
        0.041043395628704085,
        0.0333711043919244,
        0.02984310359914681,
        0.03862760664090086,
        0.03291558531172613,
        0.033749358012685096
    ],
    "val_loss": [
        0.19804930669116846,
        0.22120042521744332,
        0.20072804814937742,
        0.09724212275010514,
        0.2216512662810388,
        0.14502101187775784,
        0.09345930059607006,
        0.12422362781421815,
        0.19623482592195363,
        0.17749886650836802,
        0.12559839769033096,
        0.08527716764840147,
        0.10442939139657609,
        0.1481895583059513,
        0.11028699327246304,
        0.12018004437625174,
        0.11668369208313804,
        0.08807355862133223,
        0.11535504122654876,
        0.10402210083867779,
        0.09431439848184137,
        0.1540646974407533,
        0.1276329375773012,
        0.11367197249221639,
        0.10823677301719882
    ],
    "train_accuracy": [
        88.38427947598252,
        93.49741961095674,
        94.67248908296943,
        95.71258435887256,
        95.99047240968638,
        96.46685192536721,
        96.97499007542676,
        97.13378324732037,
        97.42755061532354,
        97.6101627630012,
        97.53076617705439,
        97.97538705835649,
        98.32473203652243,
        98.22151647479158,
        98.28503374354904,
        98.53910281857881,
        98.54704247717349,
        98.42794759825327,
        98.72171496625644,
        98.52322350138945,
        98.83287018658197,
        98.91226677252878,
        98.68201667328304,
        98.7852322350139,
        98.6978959904724
    ],
    "val_accuracy": [
        91.83605464845051,
        91.36954348550483,
        91.93602132622459,
        96.50116627790737,
        92.7357547484172,
        95.5348217260913,
        96.60113295568144,
        96.43452182605799,
        92.76907697434189,
        95.20159946684439,
        95.66811062979006,
        97.06764411862713,
        96.83438853715428,
        95.5014995001666,
        96.7344218593802,
        97.00099966677774,
        96.86771076307897,
        97.20093302232588,
        96.4011996001333,
        96.96767744085305,
        97.63412195934688,
        96.56781072975674,
        97.03432189270244,
        96.4011996001333,
        96.46784405198268
    ]
}
